Department,Administration (%),Sales (%),IT (%),HR (%),R&D (%)
Marketing,15,20,10,15,25
Finance,10,20,25,15,30
Education,20,30,25,10,15
Healthcare,10,15,25,30,20
Science,25,20,10,30,15
Business,20,15,10,25,30
Government,10,15,20,25,30
E-commerce,25,10,15,20,30
Gaming,20,10,30,25,15
Mobile,15,25,20,10,30
Retail,20,25,15,30,10
Telecommunications,25,15,20,30,10
Automotive,15,30,25,10,20
